5
4
2 1
2 3 1 4 
-1 -1 
774
101 650
290 23 692 774 706 429 770 512 448 501 693 75 93 730 87 649 298 403 467 234 464 276 583 159 527 61 247 57 331 144 408 44 604 761 37 268 510 752 691 513 594 68 189 17 366 275 685 651 332 348 135 346 67 494 398 425 702 202 228 336 385 539 284 502 7 281 642 219 606 574 29 546 28 8 701 463 286 766 6 318 107 124 266 442 557 710 655 629 127 66 541 96 255 718 154 563 103 534 173 399 253 686 48 333 203 198 432 648 199 110 145 263 645 617 344 659 676 507 218 689 506 350 586 25 687 607 384 402 179 743 643 623 81 461 41 410 197 225 201 178 592 667 359 229 264 746 65 591 455 51 338 556 299 295 305 357 493 741 56 421 72 545 533 665 465 725 490 30 674 285 570 119 160 260 326 431 149 544 634 637 289 191 317 108 237 690 508 345 43 717 479 90 624 412 389 138 430 162 21 443 272 735 321 441 79 104 554 559 240 650 688 626 132 168 193 495 662 767 621 394 726 216 694 588 447 772 679 74 136 211 608 543 19 167 82 589 552 291 205 646 139 256 342 713 5 102 302 369 169 322 246 241 143 378 59 171 73 614 540 261 420 112 526 460 34 657 711 597 435 438 130 732 230 641 673 115 573 238 271 754 126 40 106 452 309 760 653 428 213 549 628 397 454 153 180 379 3 683 568 339 537 33 459 188 20 310 640 409 170 125 152 114 227 92 27 471 84 158 248 499 231 620 567 151 716 12 668 582 306 352 678 633 751 505 95 52 360 131 121 404 83 190 437 406 415 22 100 445 696 123 497 613 383 393 133 553 763 200 416 482 622 748 677 195 80 525 581 469 109 69 341 307 330 738 64 413 78 736 503 31 672 63 516 70 520 89 666 636 329 587 209 625 458 32 363 768 474 4 373 236 524 457 392 42 530 387 235 698 252 753 390 498 609 249 76 192 267 759 26 728 14 548 224 273 456 372 334 601 288 444 312 111 361 472 354 742 232 433 182 320 480 578 596 611 561 375 407 259 571 492 483 39 658 315 91 681 274 88 450 619 207 308 462 639 538 647 9 699 635 15 661 45 496 303 555 660 724 53 250 602 287 757 371 695 764 558 343 523 762 396 335 721 165 489 377 163 682 196 311 258 60 528 712 566 542 365 593 376 97 356 423 245 296 484 771 283 49 214 595 652 301 1 656 2 353 150 418 707 35 208 475 349 55 669 364 367 585 562 11 729 172 517 664 270 714 470 572 491 536 186 618 414 174 547 148 715 446 221 749 243 434 401 156 277 187 599 134 141 101 473 226 511 140 487 324 223 740 176 47 181 24 569 424 185 704 316 347 204 94 194 184 577 105 251 36 519 600 340 612 670 663 598 750 280 254 565 731 615 590 529 282 370 440 137 644 576 166 417 550 18 400 262 632 292 439 709 16 293 85 719 381 374 50 328 358 58 522 449 257 551 504 10 297 120 368 129 468 773 278 722 705 118 671 54 164 603 426 98 703 220 481 737 244 77 279 747 411 71 616 720 391 436 142 605 630 117 99 675 175 206 427 745 395 161 300 355 700 325 765 351 177 122 323 708 584 210 453 727 362 314 215 157 265 146 514 242 62 575 38 380 486 631 769 680 116 755 222 147 684 476 531 86 535 734 638 304 405 579 744 217 113 756 294 451 627 518 13 509 610 419 239 564 269 233 212 723 337 532 697 386 46 488 422 478 388 382 500 183 477 128 739 327 560 654 521 319 485 733 313 580 758 155 466 515 
820 731 828 827 496 -1 94 21 444 782 737 973 -1 751 736 913 628 460 521 -1 -1 751 -1 683 533 364 200 522 1049 441 -1 -1 469 972 611 178 761 795 301 433 614 373 546 651 686 994 222 140 140 325 192 384 -1 383 662 465 639 286 736 156 705 1110 689 533 -1 637 227 306 -1 586 -1 681 259 97 -1 -1 -1 497 495 282 138 -1 447 1009 -1 -1 471 -1 154 620 -1 -1 -1 -1 -1 938 -1 -1 817 289 -1 429 -1 562 167 687 -1 247 694 776 1061 705 470 1154 518 -1 587 84 810 126 470 310 664 482 410 556 -1 565 66 828 857 617 86 721 546 111 152 1107 884 274 -1 233 322 774 213 780 850 352 137 778 -1 820 -1 780 624 633 -1 255 -1 298 -1 965 1253 675 503 676 815 700 778 292 540 -1 -1 244 1124 -1 539 -1 1112 483 -1 1031 -1 663 673 583 321 290 113 -1 1158 -1 980 659 297 -1 975 380 -1 686 618 899 692 184 254 443 909 537 275 -1 191 502 633 -1 395 750 438 347 348 417 467 588 735 697 632 993 892 43 739 412 -1 -1 514 143 1169 -1 742 530 1222 201 293 329 793 369 -1 -1 -1 763 1035 604 165 733 726 766 -1 727 361 1037 518 582 853 1203 752 388 -1 -1 -1 546 592 171 204 943 799 634 899 753 176 -1 -1 -1 586 450 -1 604 211 264 206 -1 1113 557 160 788 937 692 531 156 465 198 809 593 668 1019 238 -1 -1 461 852 653 302 1081 687 889 411 452 87 556 387 849 626 -1 1043 726 -1 492 251 1138 1166 110 877 1032 473 728 275 889 615 -1 86 1064 31 540 -1 783 -1 924 963 630 284 923 435 597 617 670 821 120 341 450 778 -1 634 763 994 -1 -1 385 1076 130 394 -1 -1 740 224 585 184 354 860 221 493 -1 -1 898 961 539 751 475 -1 1152 504 
232
155 97
146 196 33 204 5 230 173 155 100 111 134 229 9 139 6 107 220 175 13 115 129 120 210 211 73 63 192 82 30 86 121 207 217 52 110 225 68 77 83 95 62 10 23 108 158 41 135 199 22 57 88 169 48 49 214 154 168 138 97 80 90 151 66 113 89 118 36 50 4 180 31 198 224 85 67 123 56 178 174 126 232 24 152 2 25 130 32 153 37 109 79 75 53 222 143 16 170 93 137 190 46 165 96 102 200 188 216 114 166 140 183 209 197 84 136 142 116 171 182 43 205 20 59 60 21 191 70 76 47 160 215 144 117 40 219 44 128 127 213 54 231 179 64 69 141 27 194 226 185 125 159 14 81 61 91 181 45 39 124 122 201 104 103 34 187 150 167 172 206 18 163 87 15 195 55 228 26 177 208 17 71 35 106 11 119 29 132 221 38 184 145 1 162 98 212 186 156 223 193 112 92 189 78 42 131 74 72 94 164 149 161 99 65 176 227 58 202 133 147 7 105 19 3 203 51 157 101 28 8 148 12 218 
120 229 283 78 71 163 190 177 143 174 49 169 122 -1 150 146 -1 173 109 94 180 159 69 126 175 139 155 120 -1 -1 -1 107 -1 166 234 -1 85 116 -1 50 150 110 167 179 -1 102 227 99 19 115 -1 74 136 78 56 -1 -1 64 115 -1 127 -1 228 108 -1 107 95 117 -1 -1 158 121 88 172 58 101 -1 148 168 -1 57 115 85 93 130 18 238 -1 209 133 146 135 104 -1 204 -1 8 146 147 53 155 132 47 104 63 8 169 111 83 106 128 258 164 -1 -1 264 
988
197 360
549 144 587 58 940 819 616 281 535 628 183 816 729 453 615 767 950 72 19 888 849 100 493 374 608 26 891 513 521 689 769 182 658 127 211 367 252 236 353 833 509 177 670 131 242 277 63 320 607 187 39 303 378 625 511 465 250 109 575 416 695 645 491 107 50 219 507 229 685 710 454 621 777 27 912 851 836 88 955 487 92 212 184 380 714 937 784 795 620 122 410 968 415 368 167 545 328 644 907 476 822 38 330 87 474 381 656 397 186 939 446 136 81 764 280 526 821 326 716 375 44 859 636 903 318 987 174 818 488 37 638 551 624 468 933 360 354 101 956 896 948 702 984 550 494 890 619 223 341 691 902 971 830 936 59 815 963 722 146 547 525 556 232 86 908 613 60 369 471 759 643 372 141 751 338 363 973 812 210 773 257 103 31 364 980 426 185 300 585 880 985 259 394 871 561 652 278 649 235 546 169 459 165 12 286 966 974 725 409 969 642 915 692 881 195 489 36 2 659 599 663 576 527 540 49 900 810 593 189 359 926 823 873 752 799 841 196 894 927 885 673 69 382 748 627 133 337 102 808 486 501 75 444 655 497 959 147 512 718 358 506 790 967 601 105 860 789 771 113 519 152 728 221 622 760 419 163 704 588 483 366 532 733 321 539 693 47 33 112 530 432 796 222 657 473 776 348 531 200 559 71 352 126 361 115 5 595 590 817 844 306 906 610 848 758 400 238 317 674 538 469 110 843 856 931 421 51 414 190 515 274 231 347 76 554 108 887 407 271 606 401 778 938 427 916 855 162 503 847 241 227 635 731 558 793 766 961 579 316 73 924 923 717 713 976 641 84 214 502 288 129 935 893 155 839 350 592 357 479 41 151 914 708 934 541 671 639 964 327 807 176 602 46 226 7 145 143 89 3 897 266 770 629 699 905 804 922 117 77 495 118 254 570 475 941 761 609 858 96 747 514 975 632 424 978 28 803 508 191 688 4 20 802 433 845 156 255 106 170 647 104 392 910 944 654 464 584 293 83 735 418 675 946 909 772 611 198 697 90 267 942 460 867 21 309 828 918 292 709 65 240 398 441 724 246 311 553 197 61 637 166 783 406 528 977 343 445 666 516 123 739 258 373 201 383 875 824 121 787 763 91 17 294 171 842 370 159 565 949 677 919 8 913 727 209 154 943 134 786 308 150 626 413 98 431 66 128 55 886 883 355 273 442 669 594 62 683 256 552 870 732 573 192 555 340 295 480 544 806 248 125 834 456 404 243 582 492 253 234 29 208 581 334 640 960 734 299 52 472 687 785 756 879 440 205 484 132 40 425 207 505 929 135 618 792 130 331 23 199 349 932 396 95 678 920 477 25 820 485 217 711 430 379 411 429 496 391 813 449 755 857 307 399 385 164 899 831 623 435 878 701 313 712 791 461 157 218 578 958 32 832 705 653 668 596 630 356 158 437 310 285 428 682 80 650 204 723 43 443 676 287 97 142 276 651 16 388 730 224 228 779 703 983 149 741 672 694 482 520 304 603 70 138 339 884 412 604 827 775 345 876 634 377 203 533 965 9 598 284 518 904 798 517 302 797 137 557 470 279 981 951 757 434 346 335 436 952 462 746 861 458 866 478 838 179 707 524 571 889 188 762 523 466 970 826 114 600 395 351 681 954 24 403 13 809 742 239 614 230 68 111 510 402 814 30 749 567 265 365 153 740 805 301 661 48 140 78 753 988 247 589 633 865 45 568 263 1 754 225 852 215 282 925 646 882 583 680 439 869 837 665 529 11 719 290 457 420 612 85 572 917 268 405 930 744 237 139 15 921 794 297 580 853 698 574 173 563 53 864 64 877 233 213 312 499 811 447 319 14 82 481 498 726 269 93 745 10 34 945 872 743 957 780 560 54 56 178 953 706 148 586 22 962 542 329 18 362 220 548 800 270 562 296 648 782 79 863 216 947 305 895 982 720 667 251 862 332 452 194 835 202 376 504 315 262 390 389 577 537 384 522 180 275 874 846 631 591 450 272 664 336 455 393 911 901 181 715 423 417 160 448 291 737 829 342 35 898 605 840 774 660 289 569 662 283 344 124 323 854 564 261 721 333 500 463 543 244 408 700 765 986 322 597 74 801 324 490 386 161 750 536 451 6 249 422 94 534 972 738 788 768 684 617 467 679 264 193 928 781 438 119 566 690 736 979 168 57 206 260 892 175 825 868 42 314 387 850 99 298 116 696 371 325 686 245 120 67 172 
568 692 1202 514 606 538 -1 825 1041 706 914 346 -1 859 653 750 696 21 -1 631 -1 702 128 174 583 215 446 421 310 452 783 547 288 -1 838 520 -1 1206 911 909 253 33 -1 1022 661 821 258 229 415 -1 947 -1 -1 540 674 473 524 249 728 606 652 -1 774 539 614 632 -1 858 -1 1295 1101 991 -1 559 -1 -1 -1 -1 1128 240 524 329 966 160 673 518 471 172 -1 484 321 204 911 74 -1 937 708 656 374 232 -1 410 729 1142 821 1000 1016 155 519 701 682 510 694 846 11 -1 -1 1083 619 1255 767 573 657 -1 751 -1 542 901 202 609 739 1015 608 1003 243 437 312 666 408 518 -1 627 675 477 255 671 -1 692 322 238 -1 84 -1 632 1106 675 901 653 84 657 522 1142 857 200 192 206 434 -1 -1 324 622 -1 1214 182 789 333 734 -1 987 412 1290 873 -1 259 -1 675 905 746 462 601 650 1085 655 1046 581 289 285 405 335 731 -1 771 1152 968 255 197 490 1145 910 492 932 517 1113 764 384 533 716 852 318 -1 127 1297 573 470 491 536 1298 826 392 200 879 1009 592 843 -1 81 612 98 519 413 502 -1 907 -1 560 -1 335 701 866 993 -1 286 751 251 -1 1074 -1 246 976 687 321 478 528 382 -1 247 554 695 -1 865 750 -1 208 467 -1 572 315 -1 402 396 -1 417 1137 -1 602 -1 804 150 -1 383 877 326 825 475 17 -1 420 862 632 431 610 235 368 647 647 767 237 632 897 756 593 946 469 263 -1 -1 764 669 361 -1 -1 773 609 843 562 353 -1 798 561 -1 925 1003 856 627 393 696 80 -1 876 683 953 337 -1 432 245 1145 390 823 472 -1 1151 279 214 891 1050 767 -1 409 538 874 732 879 875 476 475 1093 553 -1 314 351 236 659 -1 471 375 988 405 371 512 -1 665 -1 474 590 -1 102 1014 910 -1 1149 639 545 190 475 324 856 778 680 415 1158 320 994 564 673 -1 829 -1 753 303 461 422 -1 493 513 -1 1143 791 -1 -1 721 727 -1 474 -1 -1 281 -1 866 824 867 1320 830 -1 227 -1 -1 368 95 -1 -1 -1 622 920 492 387 234 747 893 619 420 322 1011 470 948 1063 560 674 106 -1 865 -1 276 449 95 910 -1 686 704 347 462 436 -1 491 -1 969 901 -1 590 658 692 -1 869 984 294 635 547 989 146 914 345 584 454 296 -1 
1024
24 108
1 2 1023 1024 3 4 1021 1022 5 6 1019 1020 7 8 1017 1018 9 10 1015 1016 11 12 1013 1014 13 14 1011 1012 15 16 1009 1010 17 18 1007 1008 19 20 1005 1006 21 22 1003 1004 23 24 1001 1002 25 26 999 1000 27 28 997 998 29 30 995 996 31 32 993 994 33 34 991 992 35 36 989 990 37 38 987 988 39 40 985 986 41 42 983 984 43 44 981 982 45 46 979 980 47 48 977 978 49 50 975 976 51 52 973 974 53 54 971 972 55 56 969 970 57 58 967 968 59 60 965 966 61 62 963 964 63 64 961 962 65 66 959 960 67 68 957 958 69 70 955 956 71 72 953 954 73 74 951 952 75 76 949 950 77 78 947 948 79 80 945 946 81 82 943 944 83 84 941 942 85 86 939 940 87 88 937 938 89 90 935 936 91 92 933 934 93 94 931 932 95 96 929 930 97 98 927 928 99 100 925 926 101 102 923 924 103 104 921 922 105 106 919 920 107 108 917 918 109 110 915 916 111 112 913 914 113 114 911 912 115 116 909 910 117 118 907 908 119 120 905 906 121 122 903 904 123 124 901 902 125 126 899 900 127 128 897 898 129 130 895 896 131 132 893 894 133 134 891 892 135 136 889 890 137 138 887 888 139 140 885 886 141 142 883 884 143 144 881 882 145 146 879 880 147 148 877 878 149 150 875 876 151 152 873 874 153 154 871 872 155 156 869 870 157 158 867 868 159 160 865 866 161 162 863 864 163 164 861 862 165 166 859 860 167 168 857 858 169 170 855 856 171 172 853 854 173 174 851 852 175 176 849 850 177 178 847 848 179 180 845 846 181 182 843 844 183 184 841 842 185 186 839 840 187 188 837 838 189 190 835 836 191 192 833 834 193 194 831 832 195 196 829 830 197 198 827 828 199 200 825 826 201 202 823 824 203 204 821 822 205 206 819 820 207 208 817 818 209 210 815 816 211 212 813 814 213 214 811 812 215 216 809 810 217 218 807 808 219 220 805 806 221 222 803 804 223 224 801 802 225 226 799 800 227 228 797 798 229 230 795 796 231 232 793 794 233 234 791 792 235 236 789 790 237 238 787 788 239 240 785 786 241 242 783 784 243 244 781 782 245 246 779 780 247 248 777 778 249 250 775 776 251 252 773 774 253 254 771 772 255 256 769 770 257 258 767 768 259 260 765 766 261 262 763 764 263 264 761 762 265 266 759 760 267 268 757 758 269 270 755 756 271 272 753 754 273 274 751 752 275 276 749 750 277 278 747 748 279 280 745 746 281 282 743 744 283 284 741 742 285 286 739 740 287 288 737 738 289 290 735 736 291 292 733 734 293 294 731 732 295 296 729 730 297 298 727 728 299 300 725 726 301 302 723 724 303 304 721 722 305 306 719 720 307 308 717 718 309 310 715 716 311 312 713 714 313 314 711 712 315 316 709 710 317 318 707 708 319 320 705 706 321 322 703 704 323 324 701 702 325 326 699 700 327 328 697 698 329 330 695 696 331 332 693 694 333 334 691 692 335 336 689 690 337 338 687 688 339 340 685 686 341 342 683 684 343 344 681 682 345 346 679 680 347 348 677 678 349 350 675 676 351 352 673 674 353 354 671 672 355 356 669 670 357 358 667 668 359 360 665 666 361 362 663 664 363 364 661 662 365 366 659 660 367 368 657 658 369 370 655 656 371 372 653 654 373 374 651 652 375 376 649 650 377 378 647 648 379 380 645 646 381 382 643 644 383 384 641 642 385 386 639 640 387 388 637 638 389 390 635 636 391 392 633 634 393 394 631 632 395 396 629 630 397 398 627 628 399 400 625 626 401 402 623 624 403 404 621 622 405 406 619 620 407 408 617 618 409 410 615 616 411 412 613 614 413 414 611 612 415 416 609 610 417 418 607 608 419 420 605 606 421 422 603 604 423 424 601 602 425 426 599 600 427 428 597 598 429 430 595 596 431 432 593 594 433 434 591 592 435 436 589 590 437 438 587 588 439 440 585 586 441 442 583 584 443 444 581 582 445 446 579 580 447 448 577 578 449 450 575 576 451 452 573 574 453 454 571 572 455 456 569 570 457 458 567 568 459 460 565 566 461 462 563 564 463 464 561 562 465 466 559 560 467 468 557 558 469 470 555 556 471 472 553 554 473 474 551 552 475 476 549 550 477 478 547 548 479 480 545 546 481 482 543 544 483 484 541 542 485 486 539 540 487 488 537 538 489 490 535 536 491 492 533 534 493 494 531 532 495 496 529 530 497 498 527 528 499 500 525 526 501 502 523 524 503 504 521 522 505 506 519 520 507 508 517 518 509 510 515 516 511 512 513 514 
-1 1917 131 1913 -1 1909 123 1905 -1 1901 121 1897 -1 1893 113 1889 113 1887 109 1881 -1 1877 105 1873 101 1869 99 1865 99 -1 95 1857 -1 1853 93 1849 95 1845 91 1841 89 1837 89 1835 87 -1 83 1829 83 -1 83 1817 83 1813 83 1809 83 1805 -1 1801 83 1797 83 1793 83 1793 83 1785 83 1781 83 1777 83 -1 83 1769 85 1765 83 1761 83 1757 85 1753 87 1749 87 1745 87 1741 87 1737 91 1733 91 1729 91 1725 95 1721 97 1717 99 1713 99 1709 -1 -1 103 1701 107 1697 111 1693 117 1689 115 1685 115 1681 -1 1677 119 -1 123 -1 127 1665 131 1661 135 1657 139 -1 143 1649 147 1645 151 1641 155 -1 159 -1 163 1631 167 -1 171 1621 175 1617 179 1613 -1 1609 187 -1 -1 -1 193 1597 197 1593 201 1589 205 1585 209 1581 213 1577 217 -1 -1 1569 225 -1 229 -1 233 1557 237 -1 241 1549 -1 1547 -1 -1 253 1541 257 1533 261 1529 -1 1525 -1 -1 273 1517 277 1513 281 1509 285 1505 -1 1503 293 1497 297 1493 -1 1489 305 -1 311 1481 313 1477 317 1473 321 1473 325 1467 329 1463 333 -1 339 1453 -1 1449 -1 1445 349 -1 353 1439 359 1433 361 1429 -1 -1 369 1421 373 1417 377 1413 381 1409 385 1405 389 1401 -1 1397 399 1393 -1 1389 -1 -1 409 -1 413 1377 417 1373 421 1369 425 1365 429 -1 435 1357 437 1353 441 1349 445 1345 449 1343 455 1337 -1 1333 461 1329 465 1325 -1 1321 473 1317 -1 1313 481 -1 485 1307 -1 1301 495 1297 497 1293 501 1289 505 1285 509 1283 513 1285 517 1273 521 1269 525 -1 529 -1 -1 1257 539 1253 -1 1249 -1 1245 549 1241 553 1237 557 1233 561 1229 -1 1225 -1 1223 573 -1 583 1213 -1 1209 -1 1205 -1 1201 593 1197 -1 1193 603 1189 605 -1 609 1181 613 -1 -1 -1 621 1169 -1 1165 629 1161 633 -1 637 1153 641 1149 645 1145 -1 1141 653 1137 657 1133 661 1129 665 1125 -1 1121 673 -1 -1 1113 683 1109 685 -1 689 1101 693 1097 -1 1093 701 1089 -1 1085 -1 1081 713 1077 717 -1 721 1069 725 1067 729 1061 -1 1057 737 1053 741 1049 -1 1045 749 1041 -1 1037 759 1033 -1 1029 767 1025 769 1021 773 1017 777 -1 781 1009 -1 1005 789 1001 793 997 797 993 801 -1 805 -1 809 -1 813 977 817 973 821 969 825 965 829 961 833 957 -1 953 841 949 845 945 849 941 853 937 859 933 -1 929 865 925 871 921 873 917 -1 -1 -1 909 885 905 889 901 893 897 
