16
  
[MAN]
   put 5
   put 7
   put 1
   put 5
   put 2
   get 5
   put 2
   put 7
   put 3
   get 7
   get 2
   get 3
   finish

[RND] 111 20 10 44
[RND] 222 500 100 8248
[RND] 605148 1000000 1000 165920306
[RND] 969814 1000000 10000 1659899992
[RND] 682070 1000000 100000 16669510363
[RND] 130966 1000000 1000000 164786782569
[RND] 918373 1000000 10000000 1447646336560
[RND] 862050 1000000 100000000 2797635283539
[RND] 681456 1000000 1000000000 2796371499347
[RND] 64647 1000000 10000 1663052055
[RND] 695366 1000000 100000 16618694684
[RND] 698990 1000000 1000000 164202773416
[RND] 985675 1000000 10000000 1450157054427
[RND] 219668 1000000 100000000 2794832834692
[RND] 715480 1000000 1000000000 2793385211100